pos/cvpr/train/monge_67.jpg 12  116 385 28 34  40 385 28 34  116 309 28 30  40 309 28 30  116 235 28 34  40 235 28 34  116 165 28 30  40 165 28 30  116 97 28 17  40 97 28 17  116 37 28 43  40 37 28 43
pos/cvpr/train/monge_45.jpg 36  360 383 26 40  292 383 26 40  230 383 26 40  168 383 26 40  102 383 26 40  36 383 26 40  360 309 26 34  292 309 26 34  230 309 26 34  168 309 26 34  102 309 26 34  36 309 26 34  360 233 26 34  292 233 26 34  230 233 26 34  168 233 26 34  102 233 26 34  36 233 26 34  360 161 26 30  292 161 26 30  230 161 26 30  168 161 26 30  102 161 26 30  36 161 26 30  360 93 26 28  292 93 26 28  230 93 26 28  168 93 26 28  102 93 26 28  36 93 26 28  360 41 26 35  292 41 26 35  230 41 26 35  168 41 26 35  102 41 26 35  36 41 26 35
pos/cvpr/train/monge_74.jpg 18  204 394 24 32  120 394 24 32  36 394 24 32  204 316 24 38  120 316 24 38  36 316 24 38  204 238 24 38  120 238 24 38  36 238 24 38  204 164 24 36  120 164 24 36  36 164 24 36  204 96 24 13  120 96 24 13  36 96 24 13  204 36 24 39  120 36 24 39  36 36 24 39
pos/cvpr/train/monge_16.jpg 36  362 455 26 42  278 455 26 42  224 455 26 42  162 455 26 42  112 455 26 42  40 455 26 42  362 369 26 37  278 369 26 37  224 369 26 37  162 369 26 37  112 369 26 37  40 369 26 37  362 287 26 36  278 287 26 36  224 287 26 36  162 287 26 36  112 287 26 36  40 287 26 36  362 211 26 30  278 211 26 30  224 211 26 30  162 211 26 30  112 211 26 30  40 211 26 30  362 143 26 17  278 143 26 17  224 143 26 17  162 143 26 17  112 143 26 17  40 143 26 17  362 81 26 43  278 81 26 43  224 81 26 43  162 81 26 43  112 81 26 43  40 81 26 43
pos/cvpr/train/monge_28.jpg 18  192 396 28 30  122 396 28 30  52 396 28 30  192 312 28 29  122 312 28 29  52 312 28 29  192 230 28 36  122 230 28 36  52 230 28 36  192 156 28 36  122 156 28 36  52 156 28 36  192 86 28 15  122 86 28 15  52 86 28 15  192 42 28 31  122 42 28 31  52 42 28 31
pos/cvpr/train/monge_73.jpg 24  304 398 30 30  214 398 30 30  124 398 30 30  36 398 30 30  304 328 30 19  214 328 30 19  124 328 30 19  36 328 30 19  304 256 30 28  214 256 30 28  124 256 30 28  36 256 30 28  304 186 30 28  214 186 30 28  124 186 30 28  36 186 30 28  304 122 30 11  214 122 30 11  124 122 30 11  36 122 30 11  304 62 30 37  214 62 30 37  124 62 30 37  36 62 30 37
pos/cvpr/train/monge_20.jpg 36  378 444 24 40  314 444 24 40  244 444 24 40  194 444 24 40  124 444 24 40  50 444 24 40  378 368 24 29  314 368 24 29  244 368 24 29  194 368 24 29  124 368 24 29  50 368 24 29  378 294 24 23  314 294 24 23  244 294 24 23  194 294 24 23  124 294 24 23  50 294 24 23  378 218 24 28  314 218 24 28  244 218 24 28  194 218 24 28  124 218 24 28  50 218 24 28  378 154 24 13  314 154 24 13  244 154 24 13  194 154 24 13  124 154 24 13  50 154 24 13  378 84 24 49  314 84 24 49  244 84 24 49  194 84 24 49  124 84 24 49  50 84 24 49
pos/cvpr/train/monge_42.jpg 24  270 400 24 30  194 400 24 30  110 400 24 30  32 400 24 30  270 330 24 25  194 330 24 25  110 330 24 25  32 330 24 25  270 256 24 34  194 256 24 34  110 256 24 34  32 256 24 34  270 188 24 30  194 188 24 30  110 188 24 30  32 188 24 30  270 118 24 11  194 118 24 11  110 118 24 11  32 118 24 11  270 62 24 37  194 62 24 37  110 62 24 37  32 62 24 37
pos/cvpr/train/monge_35.jpg 30  274 404 26 32  204 404 26 32  154 404 26 32  104 404 26 32  34 404 26 32  274 328 26 25  204 328 26 25  154 328 26 25  104 328 26 25  34 328 26 25  274 254 26 34  204 254 26 34  154 254 26 34  104 254 26 34  34 254 26 34  274 186 26 26  204 186 26 26  154 186 26 26  104 186 26 26  34 186 26 26  274 114 26 17  204 114 26 17  154 114 26 17  104 114 26 17  34 114 26 17  274 40 26 51  204 40 26 51  154 40 26 51  104 40 26 51  34 40 26 51
pos/cvpr/train/monge_33.jpg 24  250 390 26 38  178 390 26 38  100 390 26 38  30 390 26 38  250 314 26 40  178 314 26 40  100 314 26 40  30 314 26 40  250 244 26 36  178 244 26 36  100 244 26 36  30 244 26 36  250 172 26 38  178 172 26 38  100 172 26 38  30 172 26 38  250 108 26 15  178 108 26 15  100 108 26 15  30 108 26 15  250 52 26 41  178 52 26 41  100 52 26 41  30 52 26 41
pos/cvpr/train/monge_5.jpg 24  222 503 28 42  160 503 28 42  98 503 28 42  36 503 28 42  222 413 28 35  160 413 28 35  98 413 28 35  36 413 28 35  222 323 28 48  160 323 28 48  98 323 28 48  36 323 28 48  222 239 28 40  160 239 28 40  98 239 28 40  36 239 28 40  222 159 28 19  160 159 28 19  98 159 28 19  36 159 28 19  222 85 28 49  160 85 28 49  98 85 28 49  36 85 28 49
pos/cvpr/train/monge_26.jpg 30  236 402 24 36  190 402 24 36  128 402 24 36  68 402 24 36  20 402 24 36  236 320 24 29  190 320 24 29  128 320 24 29  68 320 24 29  20 320 24 29  236 240 24 40  190 240 24 40  128 240 24 40  68 240 24 40  20 240 24 40  236 166 24 36  190 166 24 36  128 166 24 36  68 166 24 36  20 166 24 36  236 100 24 15  190 100 24 15  128 100 24 15  68 100 24 15  20 100 24 15  236 54 24 31  190 54 24 31  128 54 24 31  68 54 24 31  20 54 24 31
pos/cvpr/train/monge_29bis.jpg 36  296 391 26 32  230 391 26 32  184 391 26 32  138 391 26 32  92 391 26 32  26 391 26 32  296 317 26 27  230 317 26 27  184 317 26 27  138 317 26 27  92 317 26 27  26 317 26 27  296 245 26 25  230 245 26 25  184 245 26 25  138 245 26 25  92 245 26 25  26 245 26 25  296 177 26 36  230 177 26 36  184 177 26 36  138 177 26 36  92 177 26 36  26 177 26 36  296 113 26 17  230 113 26 17  184 113 26 17  138 113 26 17  92 113 26 17  26 113 26 17  296 47 26 47  230 47 26 47  184 47 26 47  138 47 26 47  92 47 26 47  26 47 26 47
pos/cvpr/train/monge_31.jpg 36  340 417 26 34  292 417 26 34  224 417 26 34  142 417 26 34  78 417 26 34  24 417 26 34  340 333 26 35  292 333 26 35  224 333 26 35  142 333 26 35  78 333 26 35  24 333 26 35  340 253 26 36  292 253 26 36  224 253 26 36  142 253 26 36  78 253 26 36  24 253 26 36  340 175 26 42  292 175 26 42  224 175 26 42  142 175 26 42  78 175 26 42  24 175 26 42  340 107 26 19  292 107 26 19  224 107 26 19  142 107 26 19  78 107 26 19  24 107 26 19  340 53 26 35  292 53 26 35  224 53 26 35  142 53 26 35  78 53 26 35  24 53 26 35
pos/cvpr/train/monge_40.jpg 24  284 401 26 30  204 401 26 30  120 401 26 30  40 401 26 30  284 327 26 27  204 327 26 27  120 327 26 27  40 327 26 27  284 255 26 26  204 255 26 26  120 255 26 26  40 255 26 26  284 185 26 25  204 185 26 25  120 185 26 25  40 185 26 25  284 109 26 17  204 109 26 17  120 109 26 17  40 109 26 17  284 57 26 39  204 57 26 39  120 57 26 39  40 57 26 39
pos/cvpr/train/monge_68.jpg 24  256 401 28 34  180 401 28 34  100 401 28 34  26 401 28 34  256 319 28 29  180 319 28 29  100 319 28 29  26 319 28 29  256 239 28 42  180 239 28 42  100 239 28 42  26 239 28 42  256 163 28 40  180 163 28 40  100 163 28 40  26 163 28 40  256 93 28 11  180 93 28 11  100 93 28 11  26 93 28 11  256 43 28 33  180 43 28 33  100 43 28 33  26 43 28 33
pos/cvpr/train/monge_8.jpg 24  266 478 30 36  174 478 30 36  102 478 30 36  26 478 30 36  266 386 30 35  174 386 30 35  102 386 30 35  26 386 30 35  266 302 30 46  174 302 30 46  102 302 30 46  26 302 30 46  266 220 30 42  174 220 30 42  102 220 30 42  26 220 30 42  266 148 30 15  174 148 30 15  102 148 30 15  26 148 30 15  266 70 30 55  174 70 30 55  102 70 30 55  26 70 30 55
pos/cvpr/train/monge_65.jpg 30  230 373 24 36  196 373 24 36  126 373 24 36  58 373 24 36  22 373 24 36  230 299 24 29  196 299 24 29  126 299 24 29  58 299 24 29  22 299 24 29  230 229 24 34  196 229 24 34  126 229 24 34  58 229 24 34  22 229 24 34  230 159 24 32  196 159 24 32  126 159 24 32  58 159 24 32  22 159 24 32  230 87 24 19  196 87 24 19  126 87 24 19  58 87 24 19  22 87 24 19  230 39 24 37  196 39 24 37  126 39 24 37  58 39 24 37  22 39 24 37
pos/cvpr/train/monge_34.jpg 24  184 374 26 27  128 374 26 27  92 374 26 27  32 374 26 27  184 300 26 32  128 300 26 32  92 300 26 32  32 300 26 32  184 226 26 30  128 226 26 30  92 226 26 30  32 226 26 30  184 158 26 26  128 158 26 26  92 158 26 26  32 158 26 26  184 94 26 13  128 94 26 13  92 94 26 13  32 94 26 13  184 56 26 31  128 56 26 31  92 56 26 31  32 56 26 31
pos/cvpr/train/monge_80.jpg 24  222 410 26 36  156 410 26 36  88 410 26 36  20 410 26 36  222 336 26 34  156 336 26 34  88 336 26 34  20 336 26 34  222 262 26 34  156 262 26 34  88 262 26 34  20 262 26 34  222 186 26 34  156 186 26 34  88 186 26 34  20 186 26 34  222 118 26 19  156 118 26 19  88 118 26 19  20 118 26 19  222 56 26 39  156 56 26 39  88 56 26 39  20 56 26 39
pos/cvpr/train/monge_60.jpg 36  358 407 28 34  304 407 28 34  246 407 28 34  132 407 28 34  74 407 28 34  20 407 28 34  358 329 28 27  304 329 28 27  246 329 28 27  132 329 28 27  74 329 28 27  20 329 28 27  358 251 28 30  304 251 28 30  246 251 28 30  132 251 28 30  74 251 28 30  20 251 28 30  358 175 28 34  304 175 28 34  246 175 28 34  132 175 28 34  74 175 28 34  20 175 28 34  358 103 28 19  304 103 28 19  246 103 28 19  132 103 28 19  74 103 28 19  20 103 28 19  358 55 28 31  304 55 28 31  246 55 28 31  132 55 28 31  74 55 28 31  20 55 28 31
pos/cvpr/train/monge_71.jpg 30  294 371 32 34  214 371 32 34  156 371 32 34  98 371 32 34  18 371 32 34  294 299 32 25  214 299 32 25  156 299 32 25  98 299 32 25  18 299 32 25  294 225 32 36  214 225 32 36  156 225 32 36  98 225 32 36  18 225 32 36  294 155 32 36  214 155 32 36  156 155 32 36  98 155 32 36  18 155 32 36  294 87 32 19  214 87 32 19  156 87 32 19  98 87 32 19  18 87 32 19  294 29 32 45  214 29 32 45  156 29 32 45  98 29 32 45  18 29 32 45
pos/cvpr/train/monge_75.jpg 24  234 397 26 32  170 397 26 32  106 397 26 32  40 397 26 32  234 325 26 34  170 325 26 34  106 325 26 34  40 325 26 34  234 255 26 34  170 255 26 34  106 255 26 34  40 255 26 34  234 183 26 34  170 183 26 34  106 183 26 34  40 183 26 34  234 117 26 15  170 117 26 15  106 117 26 15  40 117 26 15  234 59 26 41  170 59 26 41  106 59 26 41  40 59 26 41
pos/cvpr/train/monge_19.jpg 36  304 396 24 34  250 396 24 34  206 396 24 34  164 396 24 34  86 396 24 34  34 396 24 34  304 324 24 23  250 324 24 23  206 324 24 23  164 324 24 23  86 324 24 23  34 324 24 23  304 252 24 27  250 252 24 27  206 252 24 27  164 252 24 27  86 252 24 27  34 252 24 27  304 186 24 23  250 186 24 23  206 186 24 23  164 186 24 23  86 186 24 23  34 186 24 23  304 106 24 27  250 106 24 27  206 106 24 27  164 106 24 27  86 106 24 27  34 106 24 27  304 62 24 37  250 62 24 37  206 62 24 37  164 62 24 37  86 62 24 37  34 62 24 37
pos/cvpr/train/monge_66.jpg 30  220 375 24 36  168 375 24 36  116 375 24 36  60 375 24 36  24 375 24 36  220 301 24 38  168 301 24 38  116 301 24 38  60 301 24 38  24 301 24 38  220 225 24 38  168 225 24 38  116 225 24 38  60 225 24 38  24 225 24 38  220 161 24 30  168 161 24 30  116 161 24 30  60 161 24 30  24 161 24 30  220 95 24 13  168 95 24 13  116 95 24 13  60 95 24 13  24 95 24 13  220 45 24 31  168 45 24 31  116 45 24 31  60 45 24 31  24 45 24 31
pos/cvpr/train/monge_58.jpg 36  256 468 30 30  202 468 30 30  164 468 30 30  112 468 30 30  74 468 30 30  20 468 30 30  256 392 30 30  202 392 30 30  164 392 30 30  112 392 30 30  74 392 30 30  20 392 30 30  256 314 30 32  202 314 30 32  164 314 30 32  112 314 30 32  74 314 30 32  20 314 30 32  256 238 30 30  202 238 30 30  164 238 30 30  112 238 30 30  74 238 30 30  20 238 30 30  256 164 30 28  202 164 30 28  164 164 30 28  112 164 30 28  74 164 30 28  20 164 30 28  256 68 30 49  202 68 30 49  164 68 30 49  112 68 30 49  74 68 30 49  20 68 30 49
pos/cvpr/train/monge_14.jpg 18  188 487 30 28  110 487 30 28  56 487 30 28  188 393 30 37  110 393 30 37  56 393 30 37  188 311 30 40  110 311 30 40  56 311 30 40  188 227 30 40  110 227 30 40  56 227 30 40  188 153 30 17  110 153 30 17  56 153 30 17  188 83 30 47  110 83 30 47  56 83 30 47
pos/cvpr/train/monge_6.jpg 24  254 475 26 36  176 475 26 36  104 475 26 36  28 475 26 36  254 391 26 33  176 391 26 33  104 391 26 33  28 391 26 33  254 307 26 40  176 307 26 40  104 307 26 40  28 307 26 40  254 223 26 40  176 223 26 40  104 223 26 40  28 223 26 40  254 145 26 25  176 145 26 25  104 145 26 25  28 145 26 25  254 79 26 49  176 79 26 49  104 79 26 49  28 79 26 49
pos/cvpr/train/monge_2.jpg 42  434 453 26 32  366 453 26 32  296 453 26 32  242 453 26 32  188 453 26 32  114 453 26 32  40 453 26 32  434 371 26 31  366 371 26 31  296 371 26 31  242 371 26 31  188 371 26 31  114 371 26 31  40 371 26 31  434 291 26 31  366 291 26 31  296 291 26 31  242 291 26 31  188 291 26 31  114 291 26 31  40 291 26 31  434 211 26 36  366 211 26 36  296 211 26 36  242 211 26 36  188 211 26 36  114 211 26 36  40 211 26 36  434 139 26 23  366 139 26 23  296 139 26 23  242 139 26 23  188 139 26 23  114 139 26 23  40 139 26 23  434 77 26 43  366 77 26 43  296 77 26 43  242 77 26 43  188 77 26 43  114 77 26 43  40 77 26 43
pos/cvpr/train/monge_48.jpg 24  298 379 28 32  214 379 28 32  128 379 28 32  44 379 28 32  298 307 28 25  214 307 28 25  128 307 28 25  44 307 28 25  298 233 28 36  214 233 28 36  128 233 28 36  44 233 28 36  298 163 28 34  214 163 28 34  128 163 28 34  44 163 28 34  298 99 28 11  214 99 28 11  128 99 28 11  44 99 28 11  298 41 28 33  214 41 28 33  128 41 28 33  44 41 28 33
pos/cvpr/train/monge_7.jpg 24  220 472 28 38  158 472 28 38  96 472 28 38  32 472 28 38  220 388 28 29  158 388 28 29  96 388 28 29  32 388 28 29  220 302 28 44  158 302 28 44  96 302 28 44  32 302 28 44  220 222 28 38  158 222 28 38  96 222 28 38  32 222 28 38  220 152 28 15  158 152 28 15  96 152 28 15  32 152 28 15  220 82 28 47  158 82 28 47  96 82 28 47  32 82 28 47
pos/cvpr/train/monge_76.jpg 30  266 407 26 34  212 407 26 34  144 407 26 34  78 407 26 34  22 407 26 34  266 329 26 25  212 329 26 25  144 329 26 25  78 329 26 25  22 329 26 25  266 253 26 36  212 253 26 36  144 253 26 36  78 253 26 36  22 253 26 36  266 175 26 38  212 175 26 38  144 175 26 38  78 175 26 38  22 175 26 38  266 107 26 17  212 107 26 17  144 107 26 17  78 107 26 17  22 107 26 17  266 61 26 31  212 61 26 31  144 61 26 31  78 61 26 31  22 61 26 31
pos/cvpr/train/monge_25.jpg 42  356 381 24 34  284 381 24 34  238 381 24 34  190 381 24 34  144 381 24 34  98 381 24 34  34 381 24 34  356 305 24 25  284 305 24 25  238 305 24 25  190 305 24 25  144 305 24 25  98 305 24 25  34 305 24 25  356 227 24 25  284 227 24 25  238 227 24 25  190 227 24 25  144 227 24 25  98 227 24 25  34 227 24 25  356 157 24 23  284 157 24 23  238 157 24 23  190 157 24 23  144 157 24 23  98 157 24 23  34 157 24 23  356 93 24 9  284 93 24 9  238 93 24 9  190 93 24 9  144 93 24 9  98 93 24 9  34 93 24 9  356 45 24 31  284 45 24 31  238 45 24 31  190 45 24 31  144 45 24 31  98 45 24 31  34 45 24 31
pos/cvpr/train/monge_43.jpg 24  268 406 24 34  186 406 24 34  104 406 24 34  24 406 24 34  268 332 24 30  186 332 24 30  104 332 24 30  24 332 24 30  268 254 24 36  186 254 24 36  104 254 24 36  24 254 24 36  268 180 24 34  186 180 24 34  104 180 24 34  24 180 24 34  268 110 24 15  186 110 24 15  104 110 24 15  24 110 24 15  268 56 24 33  186 56 24 33  104 56 24 33  24 56 24 33
pos/cvpr/train/monge_18.jpg 24  260 465 28 42  190 465 28 42  118 465 28 42  48 465 28 42  260 381 28 35  190 381 28 35  118 381 28 35  48 381 28 35  260 301 28 36  190 301 28 36  118 301 28 36  48 301 28 36  260 231 28 26  190 231 28 26  118 231 28 26  48 231 28 26  260 163 28 17  190 163 28 17  118 163 28 17  48 163 28 17  260 97 28 49  190 97 28 49  118 97 28 49  48 97 28 49
pos/cvpr/train/monge_10.jpg 24  282 492 28 34  202 492 28 34  126 492 28 34  30 492 28 34  282 400 28 39  202 400 28 39  126 400 28 39  30 400 28 39  282 314 28 42  202 314 28 42  126 314 28 42  30 314 28 42  282 228 28 40  202 228 28 40  126 228 28 40  30 228 28 40  282 154 28 17  202 154 28 17  126 154 28 17  30 154 28 17  282 72 28 59  202 72 28 59  126 72 28 59  30 72 28 59
pos/cvpr/train/monge_15.jpg 24  166 397 28 30  114 397 28 30  64 397 28 30  10 397 28 30  166 321 28 25  114 321 28 25  64 321 28 25  10 321 28 25  166 243 28 32  114 243 28 32  64 243 28 32  10 243 28 32  166 173 28 29  114 173 28 29  64 173 28 29  10 173 28 29  166 105 28 17  114 105 28 17  64 105 28 17  10 105 28 17  166 45 28 43  114 45 28 43  64 45 28 43  10 45 28 43
pos/cvpr/train/monge_78.jpg 30  198 402 24 42  152 402 24 42  108 402 24 42  66 402 24 42  22 402 24 42  198 324 24 40  152 324 24 40  108 324 24 40  66 324 24 40  22 324 24 40  198 246 24 38  152 246 24 38  108 246 24 38  66 246 24 38  22 246 24 38  198 170 24 36  152 170 24 36  108 170 24 36  66 170 24 36  22 170 24 36  198 98 24 19  152 98 24 19  108 98 24 19  66 98 24 19  22 98 24 19  198 50 24 31  152 50 24 31  108 50 24 31  66 50 24 31  22 50 24 31
pos/cvpr/train/monge_4.jpg 30  262 484 26 36  198 484 26 36  148 484 26 36  98 484 26 36  32 484 26 36  262 396 26 33  198 396 26 33  148 396 26 33  98 396 26 33  32 396 26 33  262 312 26 31  198 312 26 31  148 312 26 31  98 312 26 31  32 312 26 31  262 228 26 40  198 228 26 40  148 228 26 40  98 228 26 40  32 228 26 40  262 148 26 21  198 148 26 21  148 148 26 21  98 148 26 21  32 148 26 21  262 80 26 47  198 80 26 47  148 80 26 47  98 80 26 47  32 80 26 47
pos/cvpr/train/monge_32.jpg 24  250 423 26 38  184 423 26 38  96 423 26 38  30 423 26 38  250 351 26 23  184 351 26 23  96 351 26 23  30 351 26 23  250 277 26 36  184 277 26 36  96 277 26 36  30 277 26 36  250 205 26 36  184 205 26 36  96 205 26 36  30 205 26 36  250 141 26 11  184 141 26 11  96 141 26 11  30 141 26 11  250 81 26 41  184 81 26 41  96 81 26 41  30 81 26 41
pos/cvpr/train/monge_23.jpg 24  202 381 26 36  132 381 26 36  86 381 26 36  20 381 26 36  202 303 26 31  132 303 26 31  86 303 26 31  20 303 26 31  202 225 26 36  132 225 26 36  86 225 26 36  20 225 26 36  202 153 26 36  132 153 26 36  86 153 26 36  20 153 26 36  202 83 26 21  132 83 26 21  86 83 26 21  20 83 26 21  202 43 26 31  132 43 26 31  86 43 26 31  20 43 26 31
pos/cvpr/train/monge_38.jpg 42  348 402 28 38  290 402 28 38  248 402 28 38  190 402 28 38  134 402 28 38  92 402 28 38  36 402 28 38  348 328 28 38  290 328 28 38  248 328 28 38  190 328 28 38  134 328 28 38  92 328 28 38  36 328 28 38  348 254 28 38  290 254 28 38  248 254 28 38  190 254 28 38  134 254 28 38  92 254 28 38  36 254 28 38  348 180 28 38  290 180 28 38  248 180 28 38  190 180 28 38  134 180 28 38  92 180 28 38  36 180 28 38  348 112 28 15  290 112 28 15  248 112 28 15  190 112 28 15  134 112 28 15  92 112 28 15  36 112 28 15  348 68 28 35  290 68 28 35  248 68 28 35  190 68 28 35  134 68 28 35  92 68 28 35  36 68 28 35
pos/cvpr/train/monge_56.jpg 25  346 338 28 36  262 338 28 36  176 338 28 36  92 338 28 36  20 338 28 36  346 262 28 36  262 262 28 36  176 262 28 36  92 262 28 36  20 262 28 36  346 186 28 36  262 186 28 36  176 186 28 36  92 186 28 36  20 186 28 36  346 112 28 34  262 112 28 34  176 112 28 34  92 112 28 34  20 112 28 34  346 36 28 51  262 36 28 51  176 36 28 51  92 36 28 51  20 36 28 51
pos/cvpr/train/monge_50.jpg 24  300 388 26 30  214 388 26 30  128 388 26 30  42 388 26 30  300 316 26 25  214 316 26 25  128 316 26 25  42 316 26 25  300 244 26 36  214 244 26 36  128 244 26 36  42 244 26 36  300 170 26 34  214 170 26 34  128 170 26 34  42 170 26 34  300 106 26 9  214 106 26 9  128 106 26 9  42 106 26 9  300 44 26 39  214 44 26 39  128 44 26 39  42 44 26 39
pos/cvpr/train/monge_57.jpg 54  610 392 26 34  544 392 26 34  470 392 26 34  394 392 26 34  326 392 26 34  256 392 26 34  186 392 26 34  112 392 26 34  40 392 26 34  610 320 26 32  544 320 26 32  470 320 26 32  394 320 26 32  326 320 26 32  256 320 26 32  186 320 26 32  112 320 26 32  40 320 26 32  610 248 26 34  544 248 26 34  470 248 26 34  394 248 26 34  326 248 26 34  256 248 26 34  186 248 26 34  112 248 26 34  40 248 26 34  610 178 26 34  544 178 26 34  470 178 26 34  394 178 26 34  326 178 26 34  256 178 26 34  186 178 26 34  112 178 26 34  40 178 26 34  610 104 26 25  544 104 26 25  470 104 26 25  394 104 26 25  326 104 26 25  256 104 26 25  186 104 26 25  112 104 26 25  40 104 26 25  610 58 26 39  544 58 26 39  470 58 26 39  394 58 26 39  326 58 26 39  256 58 26 39  186 58 26 39  112 58 26 39  40 58 26 39
pos/cvpr/train/monge_79bis.jpg 18  164 415 28 32  96 415 28 32  28 415 28 32  164 337 28 27  96 337 28 27  28 337 28 27  164 263 28 34  96 263 28 34  28 263 28 34  164 189 28 32  96 189 28 32  28 189 28 32  164 125 28 11  96 125 28 11  28 125 28 11  164 67 28 41  96 67 28 41  28 67 28 41
pos/cvpr/train/monge_39.jpg 36  228 406 22 30  178 406 22 30  148 406 22 30  108 406 22 30  78 406 22 30  26 406 22 30  228 330 22 36  178 330 22 36  148 330 22 36  108 330 22 36  78 330 22 36  26 330 22 36  228 258 22 34  178 258 22 34  148 258 22 34  108 258 22 34  78 258 22 34  26 258 22 34  228 184 22 36  178 184 22 36  148 184 22 36  108 184 22 36  78 184 22 36  26 184 22 36  228 116 22 17  178 116 22 17  148 116 22 17  108 116 22 17  78 116 22 17  26 116 22 17  228 64 22 33  178 64 22 33  148 64 22 33  108 64 22 33  78 64 22 33  26 64 22 33
pos/cvpr/train/monge_70.jpg 24  256 443 24 36  184 443 24 36  106 443 24 36  32 443 24 36  256 363 24 29  184 363 24 29  106 363 24 29  32 363 24 29  256 287 24 36  184 287 24 36  106 287 24 36  32 287 24 36  256 211 24 38  184 211 24 38  106 211 24 38  32 211 24 38  256 141 24 11  184 141 24 11  106 141 24 11  32 141 24 11  256 75 24 55  184 75 24 55  106 75 24 55  32 75 24 55
pos/cvpr/train/monge_59.jpg 18  212 382 32 30  118 382 32 30  28 382 32 30  212 308 32 36  118 308 32 36  28 308 32 36  212 236 32 34  118 236 32 34  28 236 32 34  212 164 32 34  118 164 32 34  28 164 32 34  212 98 32 19  118 98 32 19  28 98 32 19  212 30 32 49  118 30 32 49  28 30 32 49
pos/cvpr/train/monge_53.jpg 36  304 399 24 38  254 399 24 38  204 399 24 38  146 399 24 38  92 399 24 38  38 399 24 38  304 319 24 40  254 319 24 40  204 319 24 40  146 319 24 40  92 319 24 40  38 319 24 40  304 245 24 40  254 245 24 40  204 245 24 40  146 245 24 40  92 245 24 40  38 245 24 40  304 173 24 42  254 173 24 42  204 173 24 42  146 173 24 42  92 173 24 42  38 173 24 42  304 107 24 15  254 107 24 15  204 107 24 15  146 107 24 15  92 107 24 15  38 107 24 15  304 55 24 35  254 55 24 35  204 55 24 35  146 55 24 35  92 55 24 35  38 55 24 35
pos/cvpr/train/monge_79.jpg 18  200 372 28 32  110 372 28 32  20 372 28 32  200 300 28 21  110 300 28 21  20 300 28 21  200 226 28 32  110 226 28 32  20 226 28 32  200 154 28 32  110 154 28 32  20 154 28 32  200 92 28 13  110 92 28 13  20 92 28 13  200 40 28 31  110 40 28 31  20 40 28 31
pos/cvpr/train/monge_29.jpg 42  394 386 24 38  334 386 24 38  284 386 24 38  216 386 24 38  150 386 24 38  96 386 24 38  40 386 24 38  394 312 24 40  334 312 24 40  284 312 24 40  216 312 24 40  150 312 24 40  96 312 24 40  40 312 24 40  394 238 24 36  334 238 24 36  284 238 24 36  216 238 24 36  150 238 24 36  96 238 24 36  40 238 24 36  394 168 24 32  334 168 24 32  284 168 24 32  216 168 24 32  150 168 24 32  96 168 24 32  40 168 24 32  394 96 24 17  334 96 24 17  284 96 24 17  216 96 24 17  150 96 24 17  96 96 24 17  40 96 24 17  394 42 24 35  334 42 24 35  284 42 24 35  216 42 24 35  150 42 24 35  96 42 24 35  40 42 24 35
pos/cvpr/train/monge_37.jpg 24  238 390 28 34  170 390 28 34  94 390 28 34  28 390 28 34  238 316 28 38  170 316 28 38  94 316 28 38  28 316 28 38  238 244 28 36  170 244 28 36  94 244 28 36  28 244 28 36  238 174 28 34  170 174 28 34  94 174 28 34  28 174 28 34  238 106 28 15  170 106 28 15  94 106 28 15  28 106 28 15  238 52 28 35  170 52 28 35  94 52 28 35  28 52 28 35
pos/cvpr/train/monge_9.jpg 30  314 456 26 36  238 456 26 36  170 456 26 36  104 456 26 36  32 456 26 36  314 370 26 31  238 370 26 31  170 370 26 31  104 370 26 31  32 370 26 31  314 288 26 42  238 288 26 42  170 288 26 42  104 288 26 42  32 288 26 42  314 210 26 38  238 210 26 38  170 210 26 38  104 210 26 38  32 210 26 38  314 140 26 17  238 140 26 17  170 140 26 17  104 140 26 17  32 140 26 17  314 82 26 39  238 82 26 39  170 82 26 39  104 82 26 39  32 82 26 39
pos/cvpr/train/monge_36.jpg 36  310 390 28 38  248 390 28 38  194 390 28 38  150 390 28 38  98 390 28 38  36 390 28 38  310 318 28 25  248 318 28 25  194 318 28 25  150 318 28 25  98 318 28 25  36 318 28 25  310 246 28 38  248 246 28 38  194 246 28 38  150 246 28 38  98 246 28 38  36 246 28 38  310 174 28 40  248 174 28 40  194 174 28 40  150 174 28 40  98 174 28 40  36 174 28 40  310 110 28 17  248 110 28 17  194 110 28 17  150 110 28 17  98 110 28 17  36 110 28 17  310 58 28 35  248 58 28 35  194 58 28 35  150 58 28 35  98 58 28 35  36 58 28 35
pos/cvpr/train/monge_13.jpg 30  312 423 28 36  250 423 28 36  190 423 28 36  116 423 28 36  40 423 28 36  312 347 28 44  250 347 28 44  190 347 28 44  116 347 28 44  40 347 28 44  312 273 28 30  250 273 28 30  190 273 28 30  116 273 28 30  40 273 28 30  312 199 28 30  250 199 28 30  190 199 28 30  116 199 28 30  40 199 28 30  312 131 28 17  250 131 28 17  190 131 28 17  116 131 28 17  40 131 28 17  312 59 28 49  250 59 28 49  190 59 28 49  116 59 28 49  40 59 28 49
pos/cvpr/train/monge_69.jpg 24  204 379 28 34  144 379 28 34  92 379 28 34  38 379 28 34  204 303 28 38  144 303 28 38  92 303 28 38  38 303 28 38  204 227 28 36  144 227 28 36  92 227 28 36  38 227 28 36  204 157 28 34  144 157 28 34  92 157 28 34  38 157 28 34  204 89 28 13  144 89 28 13  92 89 28 13  38 89 28 13  204 27 28 43  144 27 28 43  92 27 28 43  38 27 28 43
pos/cvpr/train/monge_61.jpg 24  202 383 28 34  142 383 28 34  94 383 28 34  30 383 28 34  202 315 28 23  142 315 28 23  94 315 28 23  30 315 28 23  202 241 28 34  142 241 28 34  94 241 28 34  30 241 28 34  202 173 28 32  142 173 28 32  94 173 28 32  30 173 28 32  202 107 28 17  142 107 28 17  94 107 28 17  30 107 28 17  202 45 28 43  142 45 28 43  94 45 28 43  30 45 28 43
pos/cvpr/train/monge_1.jpg 48  378 489 24 30  332 489 24 30  286 489 24 30  238 489 24 30  188 489 24 30  136 489 24 30  84 489 24 30  30 489 24 30  378 403 24 29  332 403 24 29  286 403 24 29  238 403 24 29  188 403 24 29  136 403 24 29  84 403 24 29  30 403 24 29  378 319 24 42  332 319 24 42  286 319 24 42  238 319 24 42  188 319 24 42  136 319 24 42  84 319 24 42  30 319 24 42  378 235 24 40  332 235 24 40  286 235 24 40  238 235 24 40  188 235 24 40  136 235 24 40  84 235 24 40  30 235 24 40  378 159 24 17  332 159 24 17  286 159 24 17  238 159 24 17  188 159 24 17  136 159 24 17  84 159 24 17  30 159 24 17  378 85 24 55  332 85 24 55  286 85 24 55  238 85 24 55  188 85 24 55  136 85 24 55  84 85 24 55  30 85 24 55
pos/cvpr/train/monge_55.jpg 36  318 392 28 36  274 392 28 36  206 392 28 36  138 392 28 36  70 392 28 36  24 392 28 36  318 318 28 32  274 318 28 32  206 318 28 32  138 318 28 32  70 318 28 32  24 318 28 32  318 240 28 38  274 240 28 38  206 240 28 38  138 240 28 38  70 240 28 38  24 240 28 38  318 166 28 36  274 166 28 36  206 166 28 36  138 166 28 36  70 166 28 36  24 166 28 36  318 96 28 17  274 96 28 17  206 96 28 17  138 96 28 17  70 96 28 17  24 96 28 17  318 44 28 37  274 44 28 37  206 44 28 37  138 44 28 37  70 44 28 37  24 44 28 37
pos/cvpr/train/monge_54.jpg 30  300 383 26 28  232 383 26 28  162 383 26 28  94 383 26 28  28 383 26 28  300 313 26 32  232 313 26 32  162 313 26 32  94 313 26 32  28 313 26 32  300 241 26 30  232 241 26 30  162 241 26 30  94 241 26 30  28 241 26 30  300 171 26 28  232 171 26 28  162 171 26 28  94 171 26 28  28 171 26 28  300 101 26 17  232 101 26 17  162 101 26 17  94 101 26 17  28 101 26 17  300 41 26 45  232 41 26 45  162 41 26 45  94 41 26 45  28 41 26 45
pos/cvpr/train/monge_41.jpg 24  260 385 26 36  182 385 26 36  102 385 26 36  24 385 26 36  260 311 26 30  182 311 26 30  102 311 26 30  24 311 26 30  260 239 26 32  182 239 26 32  102 239 26 32  24 239 26 32  260 167 26 34  182 167 26 34  102 167 26 34  24 167 26 34  260 97 26 17  182 97 26 17  102 97 26 17  24 97 26 17  260 51 26 39  182 51 26 39  102 51 26 39  24 51 26 39
pos/cvpr/train/monge_72.jpg 24  250 401 28 36  166 401 28 36  82 401 28 36  22 401 28 36  250 317 28 31  166 317 28 31  82 317 28 31  22 317 28 31  250 241 28 44  166 241 28 44  82 241 28 44  22 241 28 44  250 165 28 40  166 165 28 40  82 165 28 40  22 165 28 40  250 97 28 15  166 97 28 15  82 97 28 15  22 97 28 15  250 41 28 37  166 41 28 37  82 41 28 37  22 41 28 37
pos/cvpr/train/monge_81.jpg 24  260 377 26 36  174 377 26 36  118 377 26 36  38 377 26 36  260 305 26 21  174 305 26 21  118 305 26 21  38 305 26 21  260 229 26 34  174 229 26 34  118 229 26 34  38 229 26 34  260 157 26 32  174 157 26 32  118 157 26 32  38 157 26 32  260 97 26 11  174 97 26 11  118 97 26 11  38 97 26 11  260 43 26 35  174 43 26 35  118 43 26 35  38 43 26 35
pos/cvpr/train/monge_77.jpg 36  364 399 24 38  296 399 24 38  226 399 24 38  148 399 24 38  78 399 24 38  14 399 24 38  364 315 24 35  296 315 24 35  226 315 24 35  148 315 24 35  78 315 24 35  14 315 24 35  364 233 24 38  296 233 24 38  226 233 24 38  148 233 24 38  78 233 24 38  14 233 24 38  364 157 24 32  296 157 24 32  226 157 24 32  148 157 24 32  78 157 24 32  14 157 24 32  364 89 24 19  296 89 24 19  226 89 24 19  148 89 24 19  78 89 24 19  14 89 24 19  364 25 24 47  296 25 24 47  226 25 24 47  148 25 24 47  78 25 24 47  14 25 24 47
pos/cvpr/train/monge_30.jpg 24  304 421 30 36  214 421 30 36  138 421 30 36  48 421 30 36  304 339 30 40  214 339 30 40  138 339 30 40  48 339 30 40  304 263 30 38  214 263 30 38  138 263 30 38  48 263 30 38  304 189 30 36  214 189 30 36  138 189 30 36  48 189 30 36  304 113 30 21  214 113 30 21  138 113 30 21  48 113 30 21  304 51 30 43  214 51 30 43  138 51 30 43  48 51 30 43
pos/cvpr/train/monge_12.jpg 18  176 469 32 28  108 469 32 28  42 469 32 28  176 377 32 35  108 377 32 35  42 377 32 35  176 297 32 36  108 297 32 36  42 297 32 36  176 217 32 38  108 217 32 38  42 217 32 38  176 147 32 13  108 147 32 13  42 147 32 13  176 69 32 55  108 69 32 55  42 69 32 55
pos/cvpr/train/monge_64.jpg 24  302 389 30 42  212 389 30 42  122 389 30 42  32 389 30 42  302 311 30 29  212 311 30 29  122 311 30 29  32 311 30 29  302 231 30 25  212 231 30 25  122 231 30 25  32 231 30 25  302 157 30 28  212 157 30 28  122 157 30 28  32 157 30 28  302 87 30 22  212 87 30 22  122 87 30 22  32 87 30 22  302 23 30 41  212 23 30 41  122 23 30 41  32 23 30 41
pos/cvpr/train/monge_44.jpg 24  288 401 24 30  202 401 24 30  118 401 24 30  34 401 24 30  288 327 24 25  202 327 24 25  118 327 24 25  34 327 24 25  288 253 24 28  202 253 24 28  118 253 24 28  34 253 24 28  288 179 24 30  202 179 24 30  118 179 24 30  34 179 24 30  288 111 24 11  202 111 24 11  118 111 24 11  34 111 24 11  288 53 24 39  202 53 24 39  118 53 24 39  34 53 24 39
pos/cvpr/train/monge_47.jpg 30  306 374 28 40  236 374 28 40  166 374 28 40  94 374 28 40  24 374 28 40  306 300 28 40  236 300 28 40  166 300 28 40  94 300 28 40  24 300 28 40  306 232 28 34  236 232 28 34  166 232 28 34  94 232 28 34  24 232 28 34  306 160 28 34  236 160 28 34  166 160 28 34  94 160 28 34  24 160 28 34  306 94 28 13  236 94 28 13  166 94 28 13  94 94 28 13  24 94 28 13  306 42 28 33  236 42 28 33  166 42 28 33  94 42 28 33  24 42 28 33
pos/cvpr/train/monge_11.jpg 24  214 407 28 36  152 407 28 36  86 407 28 36  24 407 28 36  214 329 28 25  152 329 28 25  86 329 28 25  24 329 28 25  214 253 28 25  152 253 28 25  86 253 28 25  24 253 28 25  214 179 28 26  152 179 28 26  86 179 28 26  24 179 28 26  214 111 28 11  152 111 28 11  86 111 28 11  24 111 28 11  214 37 28 49  152 37 28 49  86 37 28 49  24 37 28 49
pos/cvpr/train/monge_3.jpg 24  266 508 28 38  194 508 28 38  110 508 28 38  34 508 28 38  266 412 28 39  194 412 28 39  110 412 28 39  34 412 28 39  266 326 28 46  194 326 28 46  110 326 28 46  34 326 28 46  266 244 28 40  194 244 28 40  110 244 28 40  34 244 28 40  266 168 28 21  194 168 28 21  110 168 28 21  34 168 28 21  266 98 28 49  194 98 28 49  110 98 28 49  34 98 28 49
pos/cvpr/train/monge_17.jpg 30  346 378 26 36  278 378 26 36  218 378 26 36  148 378 26 36  36 378 26 36  346 302 26 40  278 302 26 40  218 302 26 40  148 302 26 40  36 302 26 40  346 230 26 34  278 230 26 34  218 230 26 34  148 230 26 34  36 230 26 34  346 160 26 30  278 160 26 30  218 160 26 30  148 160 26 30  36 160 26 30  346 92 26 15  278 92 26 15  218 92 26 15  148 92 26 15  36 92 26 15  346 34 26 37  278 34 26 37  218 34 26 37  148 34 26 37  36 34 26 37
pos/cvpr/train/monge_63.jpg 30  232 371 24 34  198 371 24 34  124 371 24 34  52 371 24 34  18 371 24 34  232 299 24 36  198 299 24 36  124 299 24 36  52 299 24 36  18 299 24 36  232 227 24 38  198 227 24 38  124 227 24 38  52 227 24 38  18 227 24 38  232 159 24 36  198 159 24 36  124 159 24 36  52 159 24 36  18 159 24 36  232 95 24 15  198 95 24 15  124 95 24 15  52 95 24 15  18 95 24 15  232 39 24 41  198 39 24 41  124 39 24 41  52 39 24 41  18 39 24 41
pos/cvpr/train/monge_24.jpg 36  398 396 28 32  324 396 28 32  246 396 28 32  170 396 28 32  98 396 28 32  28 396 28 32  398 324 28 23  324 324 28 23  246 324 28 23  170 324 28 23  98 324 28 23  28 324 28 23  398 252 28 34  324 252 28 34  246 252 28 34  170 252 28 34  98 252 28 34  28 252 28 34  398 184 28 34  324 184 28 34  246 184 28 34  170 184 28 34  98 184 28 34  28 184 28 34  398 120 28 15  324 120 28 15  246 120 28 15  170 120 28 15  98 120 28 15  28 120 28 15  398 66 28 35  324 66 28 35  246 66 28 35  170 66 28 35  98 66 28 35  28 66 28 35
pos/cvpr/train/monge_46.jpg 30  290 384 26 28  218 384 26 28  158 384 26 28  96 384 26 28  24 384 26 28  290 306 26 27  218 306 26 27  158 306 26 27  96 306 26 27  24 306 26 27  290 234 26 34  218 234 26 34  158 234 26 34  96 234 26 34  24 234 26 34  290 164 26 30  218 164 26 30  158 164 26 30  96 164 26 30  24 164 26 30  290 98 26 11  218 98 26 11  158 98 26 11  96 98 26 11  24 98 26 11  290 34 26 41  218 34 26 41  158 34 26 41  96 34 26 41  24 34 26 41
pos/cvpr/train/monge_21.jpg 36  344 392 24 32  278 392 24 32  224 392 24 32  170 392 24 32  114 392 24 32  50 392 24 32  344 318 24 27  278 318 24 27  224 318 24 27  170 318 24 27  114 318 24 27  50 318 24 27  344 246 24 26  278 246 24 26  224 246 24 26  170 246 24 26  114 246 24 26  50 246 24 26  344 174 24 32  278 174 24 32  224 174 24 32  170 174 24 32  114 174 24 32  50 174 24 32  344 108 24 15  278 108 24 15  224 108 24 15  170 108 24 15  114 108 24 15  50 108 24 15  344 44 24 43  278 44 24 43  224 44 24 43  170 44 24 43  114 44 24 43  50 44 24 43
pos/cvpr/train/monge_62.jpg 36  394 417 30 42  322 417 30 42  250 417 30 42  178 417 30 42  106 417 30 42  30 417 30 42  394 337 30 29  322 337 30 29  250 337 30 29  178 337 30 29  106 337 30 29  30 337 30 29  394 255 30 34  322 255 30 34  250 255 30 34  178 255 30 34  106 255 30 34  30 255 30 34  394 175 30 30  322 175 30 30  250 175 30 30  178 175 30 30  106 175 30 30  30 175 30 30  394 103 30 24  322 103 30 24  250 103 30 24  178 103 30 24  106 103 30 24  30 103 30 24  394 33 30 43  322 33 30 43  250 33 30 43  178 33 30 43  106 33 30 43  30 33 30 43
pos/cvpr/train/monge_27.jpg 42  382 407 24 34  332 407 24 34  270 407 24 34  196 407 24 34  122 407 24 34  64 407 24 34  18 407 24 34  382 325 24 33  332 325 24 33  270 325 24 33  196 325 24 33  122 325 24 33  64 325 24 33  18 325 24 33  382 249 24 38  332 249 24 38  270 249 24 38  196 249 24 38  122 249 24 38  64 249 24 38  18 249 24 38  382 177 24 34  332 177 24 34  270 177 24 34  196 177 24 34  122 177 24 34  64 177 24 34  18 177 24 34  382 111 24 17  332 111 24 17  270 111 24 17  196 111 24 17  122 111 24 17  64 111 24 17  18 111 24 17  382 43 24 51  332 43 24 51  270 43 24 51  196 43 24 51  122 43 24 51  64 43 24 51  18 43 24 51
pos/graz50_facade_dataset/train/facade_0_0099509_0099705.png 24  337 299 23 42  298 299 23 42  223 299 27 42  120 299 20 42  69 299 22 42  30 299 22 42  337 226 23 41  298 226 23 41  223 226 27 41  137 226 27 41  69 226 22 41  30 226 22 41  337 156 23 36  298 156 23 36  223 156 27 36  137 156 27 36  69 156 22 36  30 156 22 36  337 81 23 38  298 81 23 38  223 81 27 38  137 81 27 38  69 81 22 38  30 81 22 38
pos/graz50_facade_dataset/train/facade_0_0073244_0073648.png 32  727 100 43 46  682 100 39 46  636 100 36 46  591 100 35 46  537 100 42 46  495 100 37 46  446 100 37 46  399 100 36 46  350 100 38 46  303 100 38 46  257 100 35 46  210 100 39 46  161 100 39 46  116 100 39 46  66 100 40 46  20 100 40 46  727 25 43 45  682 25 39 45  636 25 36 45  591 25 35 45  537 25 42 45  495 25 37 45  446 25 37 45  399 25 36 45  350 25 38 45  303 25 38 45  257 25 35 45  210 25 39 45  161 25 39 45  116 25 39 45  66 25 40 45  20 25 40 45
pos/graz50_facade_dataset/train/facade_0_0091989_0092172.png 24  444 176 23 43  413 176 23 43  319 176 53 43  220 176 53 43  122 176 53 43  52 176 23 43  21 176 24 43  444 102 23 45  413 102 23 45  319 102 53 45  220 102 53 45  122 102 53 45  52 102 23 45  21 102 24 45  444 31 23 45  413 31 23 45  347 31 25 45  319 31 23 45  249 31 24 45  220 31 23 45  153 31 22 45  122 31 25 45  52 31 23 45  21 31 24 45
pos/graz50_facade_dataset/train/facade_0_0072055_0072278.png 22  353 283 31 57  182 283 28 36  129 283 28 36  44 283 38 36  353 210 37 37  284 210 27 37  233 210 28 37  182 210 28 37  129 210 28 37  44 210 38 37  353 135 37 36  284 135 27 36  233 135 28 36  182 135 28 36  129 135 28 36  44 135 38 36  353 59 37 36  284 59 27 36  233 59 28 36  182 59 28 36  129 59 28 36  44 59 38 36
pos/graz50_facade_dataset/train/facade_0_0078295_0078500.png 14  263 219 22 37  204 219 23 37  89 219 23 37  31 219 24 37  263 141 22 44  204 141 23 44  148 141 20 44  89 141 23 44  31 141 24 44  263 68 22 44  204 68 23 44  148 68 20 44  89 68 23 44  31 68 24 44
pos/graz50_facade_dataset/train/facade_0_0099003_0099285.png 24  323 331 42 33  251 331 41 33  107 331 43 33  36 331 41 33  323 269 42 48  251 269 41 33  180 269 41 33  107 269 43 33  36 269 41 48  323 206 42 50  251 206 41 34  180 206 41 34  107 206 43 34  36 206 41 50  323 143 42 49  251 143 41 32  180 143 41 32  107 143 43 32  36 143 41 49  323 82 42 46  251 82 41 31  180 82 41 31  107 82 43 31  36 82 41 46
pos/graz50_facade_dataset/train/facade_0_0084222_0084424.png 26  311 335 18 30  252 335 20 30  311 266 23 45  252 266 26 45  185 266 21 45  161 266 20 45  89 266 26 45  25 266 23 45  311 184 23 47  252 184 26 47  185 184 21 47  161 184 20 47  89 184 26 47  25 184 23 47  311 106 23 48  252 106 26 48  185 106 21 48  161 106 20 48  89 106 26 48  25 106 23 48  311 34 23 42  252 34 26 42  185 34 21 42  161 34 20 42  89 34 26 42  25 34 23 42
pos/graz50_facade_dataset/train/facade_0_0078702_0078926.png 26  321 300 23 31  291 300 25 31  222 300 24 31  129 300 24 31  60 300 23 31  29 300 25 31  321 230 23 48  291 230 25 48  222 230 24 48  129 230 24 48  60 230 23 48  29 230 25 48  321 154 23 45  291 154 25 45  222 154 24 45  178 154 22 45  129 154 24 45  60 154 23 45  29 154 25 45  321 74 23 45  291 74 25 45  222 74 24 45  178 74 22 45  129 74 24 45  60 74 23 45  29 74 25 45
pos/graz50_facade_dataset/train/facade_0_0054919_0055060.png 23  239 266 27 49  186 266 28 49  133 266 28 49  80 266 25 49  26 266 26 49  300 189 27 49  239 189 27 49  186 189 28 49  133 189 28 49  80 189 25 49  26 189 26 49  300 113 27 51  239 113 27 51  186 113 28 51  133 113 28 51  80 113 25 51  26 113 26 51  300 39 27 44  239 39 27 44  186 39 28 44  133 39 28 44  80 39 25 44  26 39 26 44
pos/graz50_facade_dataset/train/facade_0_0078500_0078702.png 18  283 204 21 42  234 204 21 42  185 204 22 42  131 204 23 42  82 204 22 42  26 204 23 42  26 127 23 46  283 125 21 44  234 125 21 44  185 125 22 46  131 125 23 44  82 125 22 44  283 47 21 41  234 47 22 41  185 47 22 41  131 47 25 41  82 47 25 41  26 47 23 41
pos/graz50_facade_dataset/train/facade_0_0099285_0099509.png 27  372 287 26 48  310 287 24 48  248 287 26 48  135 287 26 48  82 287 24 48  28 287 24 48  372 211 26 45  310 211 24 45  248 211 26 45  193 211 24 45  135 211 26 45  82 211 24 45  28 211 24 45  372 136 26 42  310 136 24 42  248 136 26 42  193 136 24 42  135 136 26 42  82 136 24 42  28 136 24 42  372 61 26 38  310 61 24 38  248 61 26 38  193 61 24 38  135 61 26 38  82 61 24 38  28 61 24 38
pos/graz50_facade_dataset/train/facade_0_0084424_0084655.png 33  409 277 20 48  386 277 20 48  314 277 30 48  263 277 29 48  167 277 28 48  120 277 26 48  58 277 19 48  34 277 21 48  389 199 32 49  314 199 30 49  263 199 29 49  215 199 27 49  167 199 28 49  120 199 26 49  39 199 32 49  409 119 20 49  386 119 20 49  314 119 30 49  263 119 29 49  215 119 27 49  167 119 28 49  120 119 26 49  58 119 19 49  34 119 21 49  409 37 20 49  386 37 20 49  314 37 30 49  263 37 29 49  215 37 27 49  167 37 28 49  120 37 26 49  58 37 19 49  34 37 21 49
pos/graz50_facade_dataset/train/facade_0_0066530_0066682.png 15  244 178 21 38  209 178 23 38  148 178 30 38  60 178 19 38  25 178 21 38  244 102 21 41  209 102 23 41  130 102 31 41  60 102 19 41  25 102 21 41  244 36 21 36  209 36 23 36  60 36 19 36  25 36 21 36  130 32 31 40
pos/graz50_facade_dataset/train/facade_0_0067243_0067437.png 24  363 254 64 40  240 252 45 42  41 241 24 42  407 162 25 47  361 162 24 47  313 162 25 47  240 162 27 47  169 162 49 45  118 162 25 47  41 162 24 36  407 90 25 44  361 90 24 44  313 90 25 44  240 90 27 44  118 90 25 44  41 90 24 44  167 88 49 46  407 19 25 44  361 19 24 44  313 19 25 44  240 19 27 44  118 19 25 44  41 19 24 44  167 17 49 46
pos/graz50_facade_dataset/train/facade_0_0100003_0100182.png 23  276 240 24 42  238 240 23 42  134 240 24 42  70 240 24 42  31 240 24 42  276 170 24 40  238 170 23 40  173 170 23 40  134 170 24 40  70 170 24 40  31 170 24 40  276 100 24 41  238 100 23 41  173 100 23 41  134 100 24 41  70 100 24 41  31 100 24 41  276 31 24 40  238 31 23 40  173 31 23 40  134 31 24 40  70 31 24 40  31 31 24 40
pos/graz50_facade_dataset/train/facade_0_0078926_0079181.png 27  363 244 28 47  285 244 26 47  238 244 26 47  124 244 29 47  67 244 28 47  24 244 26 47  363 171 28 46  285 171 26 46  238 171 26 46  175 171 37 46  124 171 29 46  67 171 28 46  24 171 26 46  363 101 28 43  285 101 26 43  238 101 26 43  175 101 37 43  124 101 29 43  67 101 28 43  24 101 26 43  363 29 28 38  285 29 26 38  238 29 26 38  175 29 37 38  124 29 29 38  67 29 28 38  24 29 26 38
pos/graz50_facade_dataset/train/facade_0_0056632_0057119.png 27  354 361 21 21  313 361 22 21  243 361 23 21  64 361 21 21  24 361 20 21  354 291 21 46  313 291 22 46  243 291 23 46  183 291 29 30  131 291 23 46  64 291 21 46  24 291 20 46  202 218 18 41  178 218 20 41  354 214 21 45  313 214 22 45  243 214 23 45  131 214 23 45  64 214 21 45  24 214 20 45  186 140 24 39  354 138 21 41  313 138 22 41  243 138 23 41  131 138 23 41  64 138 21 41  24 138 20 41
pos/graz50_facade_dataset/train/facade_0_0079428_0079641.png 21  346 331 23 31  241 331 25 31  189 331 25 31  57 331 24 31  346 264 23 46  293 264 25 46  241 264 25 46  189 264 25 46  57 264 24 46  346 179 23 49  293 179 25 49  241 179 25 49  189 179 25 49  134 179 29 49  57 179 24 49  346 99 23 42  293 99 25 42  241 99 25 42  189 99 25 42  134 99 29 42  57 99 24 42
pos/graz50_facade_dataset/train/facade_0_0068897_0069182.png 20  358 290 22 51  408 278 29 63  180 278 33 63  129 278 33 63  79 278 35 63  30 278 32 63  305 252 30 47  252 252 29 47  408 199 29 52  180 179 33 72  129 179 33 72  79 179 35 72  30 179 32 72  305 140 30 56  252 140 29 56  408 85 29 67  180 85 33 67  129 85 33 67  79 85 35 67  30 85 32 67
pos/graz50_facade_dataset/train/facade_0_0058678_0058997.png 26  329 279 22 47  301 279 21 47  145 279 24 47  96 279 24 47  33 279 25 47  329 200 22 45  301 200 21 45  241 200 25 45  194 200 22 45  145 200 24 45  96 200 24 45  33 200 25 45  329 126 22 44  301 126 21 44  241 126 25 44  194 126 22 44  145 126 24 44  96 126 24 44  33 126 25 44  329 54 22 40  301 54 21 40  241 54 25 40  194 54 22 40  145 54 24 40  96 54 24 40  33 54 25 40
pos/graz50_facade_dataset/train/facade_0_0096152_0096460.png 20  352 196 24 40  302 196 23 40  252 196 24 40  138 196 23 40  87 196 25 40  37 196 23 40  352 121 24 44  302 121 23 44  252 121 24 44  194 121 25 44  138 121 23 44  87 121 25 44  37 121 23 44  352 52 24 38  302 52 23 38  252 52 24 38  194 52 25 38  138 52 23 38  87 52 25 38  37 52 23 38
pos/graz50_facade_dataset/train/facade_0_0053403_0053679.png 30  398 413 28 48  363 413 28 48  298 413 27 48  140 413 28 48  75 413 27 48  40 413 27 48  398 337 28 47  363 337 28 47  298 337 27 47  245 337 28 47  191 337 29 47  140 337 28 47  75 337 27 47  40 337 27 47  398 259 28 47  363 259 28 47  298 259 27 47  245 259 28 46  191 259 29 47  140 259 28 47  75 259 27 47  40 259 27 47  398 180 28 48  363 180 28 48  298 180 27 48  245 180 28 48  191 180 29 48  140 180 28 48  75 180 27 48  40 180 27 48
pos/graz50_facade_dataset/train/facade_0_0098610_0099003.png 26  366 342 42 34  366 266 42 46  283 266 42 35  199 266 43 35  116 266 42 35  34 266 42 46  366 204 42 47  283 204 42 33  199 204 43 33  116 204 42 33  34 204 42 47  366 140 42 46  283 140 42 33  199 140 43 33  116 140 42 33  34 140 42 46  366 78 42 36  283 78 42 36  199 78 43 36  116 78 42 36  34 78 42 46  366 19 42 43  283 19 42 28  199 19 43 28  116 19 42 28  34 19 42 43
pos/graz50_facade_dataset/train/facade_0_0081240_0081479.png 11  29 255 32 42  278 177 33 45  215 177 23 45  157 177 25 45  103 177 23 45  29 177 32 45  278 103 33 40  215 103 23 40  157 103 25 40  103 103 23 40  29 103 32 40
pos/graz50_facade_dataset/train/facade_0_0081695_0081921.png 13  213 228 27 44  84 228 31 44  20 228 30 44  276 156 27 44  213 156 27 44  149 156 26 44  84 156 31 44  20 156 30 44  276 76 27 46  213 76 27 46  149 76 26 46  84 76 31 46  20 76 30 46
pos/graz50_facade_dataset/train/facade_0_0084815_0085022.png 25  357 279 24 31  247 279 24 31  137 279 24 31  81 279 22 31  27 279 24 31  357 212 24 46  303 212 26 46  247 212 24 46  137 212 24 46  81 212 22 46  27 212 24 46  357 130 24 51  303 130 26 51  247 130 24 51  192 130 25 51  137 130 24 51  81 130 22 51  27 130 24 51  357 52 24 43  303 52 26 43  247 52 24 43  192 52 25 43  137 52 24 43  81 52 22 43  27 52 24 43
pos/graz50_facade_dataset/train/facade_0_0071863_0072055.png 23  313 342 23 50  287 342 24 50  208 342 25 50  63 342 23 50  37 342 24 50  313 271 23 45  287 271 24 45  208 271 25 45  142 271 25 45  63 271 23 45  37 271 24 45  313 190 23 51  287 190 24 51  208 190 25 51  142 190 25 51  63 190 23 51  37 190 24 51  313 116 23 47  287 116 24 47  208 116 25 47  142 116 25 47  63 116 23 47  37 116 24 47
pos/graz50_facade_dataset/train/facade_0_0095157_0095308.png 19  222 265 21 43  192 265 21 43  77 265 23 43  47 265 22 43  222 191 21 42  192 191 21 42  132 191 25 42  77 191 23 42  47 191 22 42  222 115 21 43  192 115 21 43  134 115 23 43  77 115 23 43  47 115 22 43  222 40 21 41  192 40 21 41  134 40 23 41  77 40 23 41  47 40 22 41
pos/graz50_facade_dataset/train/facade_0_0099809_0100003.png 23  313 291 27 42  251 291 25 42  199 291 25 42  147 291 25 42  31 291 25 42  313 218 27 44  251 218 25 44  199 218 25 44  147 218 25 44  95 218 25 44  31 218 25 44  313 147 27 43  251 147 25 43  199 147 25 43  147 147 25 43  95 147 25 43  31 147 25 43  313 77 27 41  251 77 25 41  199 77 25 41  147 77 25 41  95 77 25 41  31 77 25 41
pos/graz50_facade_dataset/train/facade_0_0084655_0084815.png 17  282 263 28 56  234 263 27 56  130 263 26 56  80 263 22 56  27 263 24 56  282 183 28 48  234 183 27 48  183 183 24 48  130 183 26 48  80 183 22 48  27 183 24 48  282 102 28 47  234 102 27 47  183 102 24 47  130 102 26 47  80 102 22 47  27 102 24 47
pos/graz50_facade_dataset/train/facade_0_0092172_0092345.png 29  112 245 23 49  315 243 26 51  402 171 19 40  379 171 20 40  315 171 26 42  265 171 23 42  213 171 23 42  163 171 24 42  112 171 23 42  54 171 18 42  31 171 17 42  402 100 19 41  379 100 20 41  315 100 26 41  265 100 23 41  213 100 23 41  163 100 24 41  112 100 23 41  54 100 18 41  31 100 17 41  402 29 19 39  379 29 20 39  315 29 26 39  265 29 23 39  213 29 23 39  163 29 24 39  112 29 23 39  54 29 18 39  31 29 17 39
pos/graz50_facade_dataset/train/facade_0_0086145_0086355.png 23  326 242 24 46  282 242 29 46  220 242 29 46  74 242 28 46  32 242 28 46  326 167 26 48  282 165 29 50  220 165 29 50  137 165 31 50  74 165 28 50  32 165 28 50  326 94 28 49  282 94 29 49  220 94 29 49  137 94 31 49  74 94 28 49  32 94 28 49  326 25 26 42  282 25 29 42  220 25 29 42  137 25 31 42  74 25 28 42  32 25 28 42
pos/graz50_facade_dataset/train/facade_0_0053679_0053953.png 27  399 279 25 44  337 279 25 44  268 279 24 44  151 279 26 44  86 279 21 44  25 279 22 44  399 198 25 46  337 198 25 46  268 198 24 46  209 198 26 42  151 198 26 46  86 198 21 46  25 198 22 46  399 120 25 47  337 120 25 47  268 120 24 47  209 120 26 47  151 120 26 47  86 120 21 47  25 120 22 47  399 43 25 46  337 43 25 46  268 43 24 46  209 43 26 46  151 43 26 46  86 43 21 46  25 43 22 46
pos/graz50_facade_dataset/train/facade_0_0067059_0067243.png 29  310 258 25 35  108 254 24 39  397 170 18 44  375 170 19 44  310 170 25 44  260 170 23 44  208 170 25 44  159 170 22 44  108 170 24 44  49 170 18 44  27 170 18 44  397 98 18 41  375 98 19 41  310 98 25 41  260 98 23 41  208 98 25 41  159 98 22 41  108 98 24 41  49 98 18 41  27 98 18 41  397 28 18 39  375 28 19 39  310 28 25 39  260 28 23 39  208 28 25 39  159 28 22 39  108 28 24 39  49 28 18 39  27 28 18 39
pos/graz50_facade_dataset/train/facade_0_0058997_0059215.png 25  301 231 18 47  274 231 19 47  211 231 26 47  111 231 26 47  54 231 19 47  28 231 20 47  301 156 18 47  274 156 19 47  211 156 26 47  161 156 25 47  111 156 26 47  54 156 19 47  28 156 20 47  301 81 18 45  274 81 19 45  211 81 26 45  161 81 25 45  111 81 26 45  54 81 19 45  28 81 20 45  280 16 32 46  211 16 26 35  161 16 25 35  111 16 26 35  31 16 35 51
pos/graz50_facade_dataset/train/facade_0_0082229_0082431.png 30  328 137 17 45  306 137 17 45  253 137 16 45  230 137 18 45  185 137 16 45  161 137 19 45  116 137 16 45  94 137 18 45  41 137 19 45  18 137 19 45  328 77 17 45  306 77 17 45  253 77 16 45  230 77 18 45  185 77 16 45  161 77 19 45  116 77 16 45  94 77 18 45  41 77 19 45  18 77 19 45  328 18 17 45  306 18 17 45  253 18 16 45  230 18 18 45  185 18 16 45  161 18 19 45  116 18 16 45  94 18 18 45  41 18 19 45  18 18 19 45
pos/graz50_facade_dataset/train/facade_0_0071696_0071863.png 23  316 275 21 45  292 275 21 45  206 275 28 45  145 275 25 45  80 275 25 45  316 198 21 48  292 198 21 48  206 198 28 48  145 198 25 48  65 198 21 48  40 198 22 48  316 121 21 46  292 121 21 46  206 121 28 46  145 121 25 46  65 121 21 46  40 121 22 46  316 46 21 46  292 46 21 46  206 46 28 46  145 46 25 46  65 46 21 46  40 46 22 46
pos/graz50_facade_dataset/train/facade_0_0083727_0083913.png 27  289 334 20 28  263 334 21 28  55 334 19 28  31 334 19 28  289 269 20 41  263 269 21 41  185 269 26 41  55 269 19 41  31 269 19 41  289 186 20 48  263 186 21 48  185 186 26 48  129 186 23 48  55 186 19 48  31 186 19 48  289 111 20 44  263 111 21 44  185 111 26 44  129 111 23 44  55 111 19 44  31 111 19 44  289 36 20 41  263 36 21 41  185 36 26 41  129 36 23 41  55 36 19 41  31 36 19 41
